1813052
2579836
0930764
0397842
1131781
2544978
0185926
2218495
2629163
2532130
1962151
0570775
2264576
0893858
2137856
2549541
2307985
1955814
2580029
2075588
2449711
0916132
0224492
2488348
2483821
0701272
2220707
2379189
1727412
2499540
0457731
0120981
2532130
1813052
1433097
2469397
0822294
2068308
0837234
2025273
2238228
2629163
2616652
1131781
1378135
0081403
2279879
1005252
0397842
0772983
2666234
2311728
1300275
0564524
1728888
2290740
2549541
0930764
2075588
1727412
2532130
0610231
1433097
2218495
1979916
2264576
0834973
0573310
1813052
0286289
2499540
0916132
0822294
2666234
2307985
2238228
2694126
1267616
1799543
0069708
2525020
2311728
2604782
1005252
2498170
0286289
0701272
2170017
0772983
2543746
0893858
0224492
2690489
0457731
2580029
1979916
0837234
2220707
1871304
0952130
2488348
0822294
0185926
2262995
2238228
1267616
0069708
0286289
0610231
0573310
2549541
2483821
1300275
2279879
0893858
2580029
2264576
1378135
0120981
2525020
1979916
2068308
2543746
2764604
2220707
1331835
2262995
2498170
0286289
0834973
0493247
1727412
0701272
2025273
2238228
2218495
0916132
2629163
0893858
1391403
2549541
1668597
1020212
2170017