0580216
1239647
1765718
0809071
0329005
0209960
0885009
1403174
1353914
1808497
1344086
0481756
0224492
1779083
0634202
0988372
1806411
1317378
1056735
1431476
0084601
0587115
2036940
1887458
1845434
1366326
1270215
0809799
1304465
0799588
1372964
1028890
0390760
1283002
1953350
0732547
7113367
0725609
1862659
1351820
1672205
1899114
0349152
1181657
1476239
1833400
2019512
0258347
1296645
1207724
1344086
0515527
1160139
1181459
1353914
1962730
1333542
7201454
1998629
2029596
0854050
0616268
0637063
0165869
1808497
1143804
7181696
0574474
1952527
7157416
0587115
1427515
0416926
0795191
1283002
0834973
0663028
1664429
1969288
2101622
1806411
0085389
1149796
1678371
2010284
0284692
2060065
0934366
0969118
0178265
1689848
1943074
0656263
1351820
1970332
0636600
1883132
1722839
0096182
2036897
0988372
2105119
0469258
0223271
0732547
0993388
0084601
2097304
1808497
2109359
1724979
1199161
2060889
1296645
1940416
0039419
0724098
2019512
0079000
7201454
0132652
0388643
1935348
1308308
1476239
0529768
0329005
0580216
2029596
1845181
0413473
1706136
1646283
1939033
2012042
0165869
2000754
0565868
1994650
0658770
1239647
2060065
2105119
2112129
0834973
1806411
2051950
1333542
1808497
0923330
0988372
2070553
2110359
0085389
1015796
1678371
0699438
1344086
2109359
1083651
1664429
0178265
1850948
2120534
0284692
1351820
1317378
2111400
1347271
2024290
0570749
1316315
0574474
1887458
2119463
0658227
0223271
2112275
0732547
0084601
1304990
0545181
1304465
0714336
2034472
0634202
1862659
1995280
1270215
0724098
1833400
2078659
2112129
2105119
0864455
1635089
2058311
0779494
0815703
1296645
0132652
1826750
1808497
1805518
1994650
0988372
0854050
7201454
1400995
1308308
2029596
1874059
0936005
2120534
0834973
1013247
1865752
1843785
2060065
0020755
1960919
1239647
0223271
0531102
0534751
2034472
1030784
2097304
7051454
2019512
1149796
2041986
1351820
0452576
1015796
0633035
0085389
2062150
0075994
1333542
0178265
1995280
1424532
7157416
1678371
2070553
0847177
0284692
0024332
0329005
0699438
1758220
2105119
1347271
2130171
1751939
0125267
1845434
0724531
2109796
0545181
1833466
0719244
2119463
1799543
0732547
1304990
0542560
2079745
1833400
0663028
1850948
1664429
2109359
0724098
0993388
0714336
1489441
2041986
0198946
1808497
0988372
2045845
1871304
2131988
0084601
0132652
2112129
1706136
2029596
0580216
0634202
0673678
1296645
1308308
1862659
0751849
0165869
2022336
1960919
2008078
1646283
0834973
1199161
2155854
2034472
0534751
2162253
2105119
1079976
1913718
1193161
1239647
7105130
2071484
2019512
0272771
0178265
1030784
7129961
1750318
1988679
2148029
0779494
1678371
0212965
7198026
0209960
1995280
1317378
2070553
1969014
1347271
2060065
1845434
0003056
1424532
2041986
0545181
0714336
2000173
0616268
0067148
0199323
1784004
0570749
0699438
0979408
1795696
1351820
0847177
2168331
2156328
0732547
0143666
1850948
1379584
2195870
2130396
2150300
1015796
1799543
2156954
0739742
0085389
0254680
7201454
1093864
1304990
1160139
0893858
1143804
1646283
0149306
1056735
0724098
1887458
1123157
1958689
1871304
1181657
2008615
0390760
0224492
1664429
0634202
2034472
0988372
1893500
1808497
0854050
0751849
1988679
2059177
1706136
7051538
0254680
1296645
0014595
1308308
0834973
1960919
1858430
0020755
2135974
0673678
0613200
1193161
2118520
1722264
1632951
1836315
1910795
1001687
7112663
1015796
1433097
1750318
1030784
0452576
2119463
0550592
1988422
2186388
1833400
1431991
2102682
2162253
0085389
1893815
2060065
0408577
1975325
7198026
1333542
0979408
7157416
2070553
1969014
0132652
1678371
1347271
2195199
0178265
2215886
0739742
1635089
0295340
0855037
0141004
1646283
0993388
0893858
0732547
2226497
1795696
0699438
1799543
0663028
0457567
0724098
1181657
0896004
1639211
1808497
0847177
0769914
1871304
2184364
0772983
1995280
0167070
1296645
2019512
1193161
2144890
1706136
1314451
2112678
0141004
0751849
2231762
0580216
0084601
1664429
1308308
0834973
1988679
0977200
1449219
2215886
1923348
2155854
0212965
1433097
1981107
1030784
1673746
1750318
2070553
0732547
0165869
1833400
0979408
0658770
2000173
1850948
0452576
1239647
2178479
1638275
2059177
1849756
0769914
2188703
1662163
2097304
1706136
7051538
2226497
1207724
1422414
1317378
1922860
0254680
1678371
2008615
1969014
0199323
1845434
2111400
2130396
1874059
7090247
2130171
1799543
1351820
1347271
1314451
7201454
0402300
2215752
0739742
2186388
0893858
2070553
2232287
2109359
1722264
7235969
1572259
0772983
1887458
2166857
2174633
1795696
2238664
0769914
1900822
0294765
1115509
0518752
1639211
2184364
0854050
2144890
0751849
2219430
1808497
1960919
0847177
0258962
0725038
2155854
1304990
0084601
2204612
0167070
0732547
0834973
1358072
0977200
2175895
0020755
0979408
2182346
0633035
0311800
2163816
1258664
1539713
2070553
2000173
2097304
0199323
2183762
0531102
0769914
2102682
1174652
2219684
2118520
0213787
2246045
1433097
1850948
1750318
7113367
1239647
7273407
0978912
2220707
2162253
0842485
1422414
2029596
0285061
1946507
2236998
2234857
1030784
2162423
2079745
2252657
7157416
1347271
1969014
1724979
1706136
1632951
0673678
1333542
1975325
1845434
1004134
2070553
0178265
2258723
7180814
0893858
0739742
2117133
1678371
1799543
0418275
1774546
0724098
1982129
2168292
7235969
1746198
2217568
1722264
2111400
1304990
0847177
2228525
2227004
0769914
2059177
0457567
1349598
1161587
1910598
0258962
0663028
1808497
1772262
2109359
1960919
1871304
1962151
0714336
2131988
0854050
1899013
0979408
1296645
2162423
7273407
0699438
2148029
0751849
2215886
1664429
2210906
0834973
0732547
0977200
0213787
2232287
1928911
7203812
2184364
0842485
2186388
1813052
2254362
0670300
1899114
1372262
2019512
0213787
2070273
1814668
7273407
1945638
2175895
2238768
0719244
2163816
0165869
2178479
1988627
1717669
2097304
2055921
2155854
2071780
2188703
0212965
2101063
1977916
7180814
1826093
1639211
2264461
2220707
1850948
0213787
2227154
1317378
1030784
1347271
1874059
2008615
7241262
1555127
1758220
0178265
2029596
0891522
1351820
2215752
0978912
1422414
7120079
1845434
0726982
2162423
2181587
2236979
2130396
2131988
0893858
1982129
0634202
0993388
7235969
2276670
0724098
2070553
0769914
1678371
1941597
2256009
2181263
1448993
2130171
1433097
1314451
1808497
2168823
1173971
2144890
0977200
2215055
2166857
2250489
1899013
0570749
7220387
2219430
1814668
1960919
1302700
0854050
2307914
1871304
0439281
2118520
0085389
0003056
1056735
1115509
0023616
2275476
2162423
0732547
0390760
2290265
0814887
2228525
2000173
0254680
1212671
1887458
0224492
2145940
2316250
1722264
1662163
1806411
2184364
1975325
2307985
0527941
0277888
0402300
2291563
0535320
1795696
2226509
1005616
1207596
2232287
0977200
7113367
0457567
2288429
0772675
2162253
2043852
2038251
0165869
0773640
2293310
1347271
1174652
1422414
0105482
2155854
0877203
0164502
0610231
2220707
2336662
1333542
2029596
0673678
1295310
2162423
2163842
0633035
7157416
1799543
0999785
2298236
1850948
1040065
0178265
2292483
2289069
2215886
0978912
0739742
0457731
0724098
0893858
0977200
2200655
1758220
7203812
1221618
2070553
0418275
1545159
1766666
2186388
0582985
0769914
2234857
1750383
1635089
0439281
7216862
7183360
2163816
7105130
1814668
1239647
0891522
1639014
1093864
2307985
2295395
1890842
1296645
0663028
1960919
1678371
2258723
1941597
0751849
0085389
2217568
0634202
2038251
0699438
2162423
1131781
0834973
2295945
1813052
1750401
1686691
2210906
0847177
2150349
2060065
7130872
1636501
2101063
2346030
0580216
1977916
1176971
0814887
1433097
0977200
0940469
1662163
2263973
2055921
0349698
2325821
2317975
0178452
1181657
2302713
0297213
0020755
2207087
1664429
1270063
2071780
0582985
1347271
1040065
1722264
2255835
2350991
2174267
0459443
1845434
1078779
1967501
2188703
2264461
2079745
1351820
1638275
2238768
0212965
2293310
2043852
2154444
2166857
1316315
2260420
2335963
1766666
1826093
2220707
7120079
2286785
0743187
0185926
2178479
0983213
2239035
1425840
0610231
0752292
2242451
2070553
1030784
2031988
2295945
0769914
2305493
2227154
2298236
2307914
7161470
0572081
2131988
1345889
2038251
2215886
1115509
2302541
2239964
0719244
2008615
2331782
1221618
1808497
0493247
1871304
2279666
2123806
1239647
0455918
1572259
1448993
0059689
1639211
0164524
0993388
2327131
2293211
2296998
0582985
1941597
0854050
2258723
0751849
1639014
1766064
2346030
0724098
2384146
2254362
2307985
7113367
2162423
2029596
2326622
1632951
1899013
2175895
0782203
0940469
2170785
0834973
0999785
1928911
0726982
1975325
2265632
1647734
0572081
2102682
2022336
0050265
1131781
1317378
0308354
2060065
1207596
0743187
2215055
7112663
2145940
0527941
1347271
1176971
2118520
2104806
2388510
1940902
2162661
2173498
0224492
0178452
0402300
0934366
2371960
0977200
2324518
0049436
0838542
0802151
2338868
1960919
2334308
2101063
2316250
1212671
1174652
1372037
2266502
0582985
1383115
2184364
2328331
2214818
1040065
1887458
2317805
2038251
0293346
1333542
7085733
2069316
2079745
0455566
1707200
2079989
7012428
2070553
0185926
1545159
2322154
0178265
1722264
2286785
1941597
0978912
2247278
2220707
2097304
0634202
0531102
0294765
0418275
0769914
0983213
2098717
2204612
1078779
2301923
7157416
0572081
1314451
2409194
0891522
0582985
2042568
1004134
0033005
2276670
1814668
2214637
1973567
0240983
1221618
0893858
2052135
1639014
2019512
0457731
0854050
2288681
2186388
0739742
7008305
2346030
0518752
1799543
1221146
7183360
2168292
0071021
2162423
2295395
0416926
1813052
0033005
1555127
2288324
2168823
2288429
0673678
2388510
2292483
2144890
0743187
7112663
1383115
0663028
2109359
0633035
2366155
0552877
1707200
0017636
2296998
1750401
2217568
0455566
2145940
2255835
2302713
0814887
1805518
0657460
1886400
2389934
7067204
0977200
2237207
2362920
2295945
2199289
1662163
2409703
2305493
0582985
2317975
1545159
1969014
2015033
1941597
2385761
1773939
0797778
0212965
2239035
7180675
2071780
2178080
2060318
2178479
7025520
2293211
0752292
2253738
1221618
0125554
2220707
0610231
2414558
2304931
2214818
1826093
2238768
2079989
2364538
0769914
1030784
1433097
0149306
1707200
2430755
1814668
7008305
2341068
1975325
0150232
2346030
1425840
0081403
2130171
2227154
2298236
2374041
0273241
0670300
0719244
2288429
1992771
0482474
0582985
1383115
1474851
2162423
2166857
1678371
2326622
2414558
2389934
0455566
0459443
2300971
2210906
2130396
0038812
0518752
1928911
1871304
2254362
2070260
0834973
0743187
1717669
0224492
2068099
7112663
2377129
2443680
1131781
2408252
2302541
2393939
2296998
2109359
1414546
2442081
0069708
2324518
1720773
1251798
0043959
7025520
2227922
1016064
1314451
2214818
1545159
1893882
2334308
0582985
1686691
0680722
0071021
7157782
0240983
1351820
2201336
2070260
0372709
1115509
0814887
2188703
0376070
7120079
2249887
2264461
0251804
2293310
2207087
2172200
0891522
2316250
2192162
2317805
2387322
2283501
1149796
2288429
2216694
2300970
0987051
1784430
2424617
1756220
7008305
2178080
2199289
1383115
0766836
2097304
2215886
1333542
0769914
0390760
2134391
1174652
2168879
2408252
0274000
1722264
2385761
1988086
0185926
2322154
1296645
1317378
2079989
0308354
2338868
2226288
1808497
0582985
2346030
2351684
2449865
7157416
0169807
0457731
7183360
2266502
2220707
2376744
1773939
2019512
1212671
0150232
2162423
1887458
1555127
2389550
2199289
7025520
2070260
2389934
2409703
2145940
0251804
0418275
1448993
0032987
2354108
2292483
1207596
0120981
1813052
1766064
2249651
0493247
1018576
1850948
7036283
0983213
0038812
2214818
1639211
2168823
0178265
2244688
2422025
2409422
2386634
7067204
2408252
2302713
0190481
7113367
0278833
7112663
2144890
7052375
2288429
0402300
2162253
2192162
2428459
1995405
1962151
1662163
0150232
2184364
1784912
2199289
0345861
1941597
2432595
1383115
2288324
2427686
1960919
1351820
2370239
1989307
1545159
2263702
7105130
1709690
2079989
2317975
2361964
2454140
2060065
2473295
2344087
0633035
1115693
0610231
2293211
2411942
2313897
2326622
0752292
2414558
2376744
1756220
0212965
2238768
1030784
2070260
1425840
0769914
1826093
2310616
2227154
1015827
2305493
2416253
0185926
0150232
0582985
2381925
0273241
0670300
2304931
1868920
0640939
1975325
0872342
2178479
0751849
2374041
2199289
2162423
2162253
2243485
2433575
0926626
2239035
7158640
2288429
2276670
1722264
0167070
2298236
1788322
1383115
0941647
1899013
2426131
2273074
2192162
0834973
2346030
0081373
1289766
0739742
2426974
0120981
2405270
1871304
0983213
2459027
1765718
1207724
2428142
0190481
2070260
2307985
2166857
2238656
2109359
1545159
2220707
2364538
2137856
2472727
0240983
0312494
0893858
0743187
1131781
7036283
2351179
2324518
1115509
1941597
0279758
1678371
2168292
0178265
2275476
0372709
2397895
2008615
1962151
1686691
2467946
2263687
0155610
0201600
0119571
2427114
1960919
1928911
0814887
1433097
2389934
0582985
2370239
0040293
2422025
7025520
2447968
1351820
1228207
0043959
2377129
2484294
1942893
2070260
2427820
2102583
2238656
0975918
0249102
2466179
2210906
0452576
2376744
2288429
2071780
0198140
0610231
2368464
0541082
0573310
0372709
2295945
2466289
2079989
1382744
2411942
2305493
1713761
1694421
0769914
7180675
0902580
2338868
2317805
2215886
2118520
1030784
2428459
2323018
0185926
2409703
0766836
0577941
2070030
0457731
2433201
2327131
0651490
1228207
2258069
0038812
1992771
0308354
2525020
2458697
2266502
0531102
2322154
7183360
2199289
0142140
2019512
1222564
2323380
2413251
2528224
2462959
1317378
2385761
2220707
1686691
2292483
1979916
2145940
0119571
2429353
0120981
0837234
7067204
1383115
2184364
1564662
1015827
2483821
1555127
2070260
2288429
0190481
2500116
2484652
0896705
0983213
1887458
0240983
0354006
1221618
0673678
1207596
1941597
1128911
0841141
2051366
1149796
2302713
0692250
0038812
2446682
2275476
0739742
1662163
1845434
0558804
2414215
1773939
2485445
0916132
1962151
2467938
1784912
2450847
1289766
1990531
2217568
2317975
2484294
2532827
2443680
2449711
2456723
0891522
1942893
2468081
1545159
2376744
0646871
0652790
1238466
0198140
1720386
1741092
1212671
1005252
2361964
2293211
0651490
2549541
7036283
2097304
1282160
2079989
2542544
0085632
2326622
0634202
2299995
0769914
2199289
2525097
2409703
1374648
0752292
7180675
0640939
0185926
0081403
0119571
1869454
2427686
0019159
1030784
7174583
0291843
1272041
1505127
0273241
2484294
2295945
2519156
2288429
1279920
0212965
0459443
2227154
2498170
0751849
0289667
2298236
7190646
2215886
2481561
2424004
2360601
1383115
7067204
1131781
7230451
2239035
1686691
7158640
1370620
1283315
2455688
2304931
2423661
0719244
2302541
1979916
2324518
2554437
2364538
2504798
2426974
2130171
2428142
1694421
0573310
1904038
2499540
2178479
0266278
0766836
2450447
2254362
0201600
1773939
1765718
1176971
1750401
0312494
2615883
2057168
2549541
2554053
0743187
2079745
2469489
0240983
2479550
0237138
2202240
1897076
1712059
2168823
0857504
2405270
1813052
2249134
2166857
1805518
1623217
1678371
1928911
1115509
1720386
2211057
2483821
2466179
2433109
0178265
2130396
2427114
2316250
1962151
2299995
1545159
1213572
0916132
1351820
2293310
0872342
2360601
2508788
2334308
1722264
2517500
2288429
1808497
7228823
0043959
2469397
2427820
2466289
2546789
0769914
2376744
1433097
2543746
2144402
1383115
2508426
2079989
2264461
2549541
2374041
2188703
2464873
0902580
0610231
7120079
1799543
0038812
2338868
2341426
0185926
2553742
2211469
2258069
2299308
0040293
0322519
0237716
0482474
2551017
2447968
2460155
2428459
2190779
2467946
0754720
0834973
2118076
2457129
2479528
2413251
2266502
0541082
1174652
0573310
2065002
2377129
1282160
0954629
0308354
1005252
1024606
2199289
1273593
2317805
2414215
0743187
0457731
2615883
7036283
0522991
0837234
2292483
0289667
2516660
0732312
2473295
2322154
7157416
1813052
2017328
0634202
1979916
1988686
2184217
2249903
7025520
1333542
1131781
0210492
2457637
2459027
0919352
1720386
2295945
2215886
1686691
1030784
1317378
0120981
0390760
2433201
2145940
2429353
2472727
0240983
1364685
1564662
0688646
2288429
2476140
1207596
2026277
0751849
0675410
1448993
0482899
2481561
2499540
1996421
2484652
2317760
1149796
2526471
2220707
2561278
2249134
1128911
1962151
0372709
2275476
0603579
2469397
1128242
2525020
1433097
1887458
2059535
0814887
2456723
1383115
0772983
0893858
0854050
2483821
1784912
7113367
1289766
1555127
2386980
1678371
7087891
2419513
2518983
1662163
1222564
1545159
0916132
2326622
2579836
1826093
2462959
2569133
0279758
2485445
2450847
0891522
2406522
1845434
2364538
2488348
2468081
2323380
0905710
1869454
1647323
2200861
2199289
2580065
1813052
1238466
1636501
2457129
2498170
2144890
0402300
2546789
2485355
2051366
0085632
2549541
1382744
0043959
0662226
1364685
0185926
0769914
2537617
7105130
0919352
2351640
2427686
0150232
1639211
2317760
2458697
2519729
2583816
1131781
0289667
2118076
1505127
0041913
2449711
2172200
0983213
2599665
0932386
0652790
2307985
2590474
1722264
0640939
2337058
2465611
7245066
2361964
0837234
2288429
1279920
1005252
2396763
2594699
2184364
0201600
2071780
2519156
0080660
1370620
2504798
2249903
0558804
0739742
1283315
2583816
2532206
2202240
2239035
2065002
2595715
1808497
7183360
1611302
2227154
0291843
2566239
0929597
2428142
0212965
0273241
2433575
2292483
2305493
0646871
2573229
1686691
2293310
2276670
2298236
2317760
2580029
2479550
1623217
1383115
1225223
2304931
2215886
1899013
0973655
2288324
0312494
2070260
2554272
2601182
7067204
2455688
2437259
2423724
0772983
0240983
2500862
0070332
1750401
2109359
1897076
0150232
7036283
0751849
1712059
2590092
2501038
1813052
2168823
0526757
7158640
0081403
2499540
2504934
2238768
1962151
0382314
1433097
1720386
0573310
0019159
2507405
0333002
0178265
2079745
2482753
1405899
2405270
7025520
1716426
2583816
0183160
1545159
2525020
2302713
2508793
2522776
0916132
2594958
1893882
2397909
1030784
2220707
2427114
2560895
2426974
0854050
2254362
1988686
2580065
0120981
1788322
1765718
2572208
2168292
2508426
0224492
0871792
2517500
2579836
2466179
2334308
2317975
0603579
2467946
2479572
0842359
0329180
2057168
1115509
2013369
2537249
2344024
2508788
2446983
2137856
2293310
2549541
2457129
0891522
0769914
2564018
2466289
1826093
0930764
2543746
0610231
1777209
2488348
2317760
2447968
2546789
2337058
0754720
2211469
2258069
0289667
2413251
2118076
1131781
2288429
1979916
2524148
2551017
2563544
0836163
0822294
2426793
2626562
0457731
1383115
2265632
0350783
1813052
0522991
0104488
0837234
2569495
2565867
2377129
0902580
2532130
2449711
0406108
2249903
2210906
0541082
2299308
7036283
0081403
0185926
2145940
2068308
1165445
0041913
1686691
0929597
1282160
0933864
2184217
1638175
2377691
2429353
2580029
0983213
2519156
2293310
2293211
2411942
0573310
2103133
2567551
2433201
0240983
2118520
1364685
7157416
0751849
0210492
0752292
2461393
2544900
2184364
2544978
0675410
2574656
0821266
0616530
2579836
2459027
0739742
2457637
2583164
1351820
2576373
2292483
1402260
1564662
1808497
1578665
2351684
2484652
2118076
0526757
2307985
1784124
1433097
2464873
2483821
1149796
0688646
0488149
2581122
1084493
1799543
2509066
2566152
1962151
1225223
2516660
2097304
7129699
1207596
1545159
0933864
1222564
2634206
2626562
2532130
0522991
2419513
1662163
1030784
1429934
1678371
2326622
2220707
1784912
1289766
0842359
2525020
0120981
2553586
2552015
7228823
2470669
2485445
1845434
0871792
2200861
1797030
1813052
2468081
2288429
0029513
1869454
1805518
2456723
2344024
2323380
1141545
2549541
2476140
0769914
1364685
2137856
2218495
0891522
0854050
7113367
1647323
2079989
2613897
2215886
0836163
2540856
2249903
2138695
0919154
2577180
2526471
0350783
0772983
2290740
0634202
2428459
0289667
1212671
1744645
1383115
2217568
2426793
2427686
2179902
2631018
0916132
0426936
2264576
2152298
0610231
1391403
2288429
2604928
0308354
0822294
0081403
0652790
2351640
0837234
0522991
0587821
1962318
1005252
0402300
2626562
2289813
2144890
0937749
0459443
0662226
2631872
2532130
2469397
1320820
0933864
0080660
2580029
2068308
1686691
0646871
0834973
2663551
2103133
2593855
0147183
0929597
1364685
1928911
2428142
2585540
2370766
2264470
0691010
2202240
2463910
0013558
0240983
1283315
1156089
0836163
2618249
2423724
2465611
2659905
0038812
2500116
1897076
1813052
2130171
2579836
0019159
0212965
2532206
0616530
1899013
1842262
2566239
0275804
0930764
0397842
1131781
2554272
2479550
2505937
1307338
2544978
2500862
2455688
0382314
2302541
0526757
0185926
2481561
1505127
2393998
2218495
2573229
2316250
0347603
1808497
2626562
2254486
2629163
7025520
1750401
2532130
1962151
0558804
0531102
1545159
2601726
0570775
1717669
2264576
7036283
2409703
0279758
1500974
2462959
2178479
0919154
2501038
1632951
0842359
2405270
2344024
2544090
0614311
1992771
0893858
2079989
2188703
0436734
2432156
0603579
0891522
0769914
2137856
2166857
1364685
2549541
2606851
2508426
2466289
2507405
2307985
1722264
1955814
1084493
2386312
2264461
2580029
0439626
2075588
1238466
2449711
2288429
0916132
2543746
0224492
2488348
2483821
2338868
0289667
2211469
0670300
2138724
0701272
0719518
0933864
2467946
2220707
2379189
2632385
1429934
2636175
1727412
2466179
2019085
0482474
2299308
2499540
1115509
2546789
0457731
0120981
2470669
2426793
2664041
2258069
2447968
2626562
1686691
2604097
2551017
0043959
2532130
2266502
1012450
0104488
0854050
2005747
2289813
1813052
2097304
2585955
2564018
1433097
0691641
2469397
1084459
0822294
0932386
2565867
2173243
7129699
0908239
0178265
1141711
1716426
2553742
0050931
1928356
2484371
2524933
2457637
0788999
2569495
0541082
2068308
2429353
1383115
2145940
2674252
0837234
2361964
0982555
2025273
1333542
2663551
2374223
0893308
2583164
1314721
2497257
2577053
2395049
2200962
1988686
1694421
2238228
2377691
2629163
0929597
1174652
2616652
2597754
2184217
2508788
2419513
1364685
2618799
2459027
1131781
2611316
1378135
0081403
1196609
2109233
2641987
0020755
2279879
0708139
1638175
1005252
2433201
1266321
2544900
2629184
2317805
0397842
2215886
2638405
2450447
0732312
2612339
2569450
2484294
0772983
0919154
7036283
2057168
0210492
2464873
2576373
2666234
2292483
2311728
1578665
2519156
2454147
0864068
1149796
1300275
2658200
2597754
2498170
1808497
0527941
1903719
0564524
7120079
1728888
2290740
1564662
1990531
2670033
0390760
0739742
2626562
1784124
1030784
2606083
0013558
1028920
1117602
2645168
2322154
2632385
1678371
0081373
1282160
2137856
2549541
1421337
2200861
2427114
1970772
1756220
1402260
2624167
0524040
2539273
2557967
0488149
0842359
2373478
0029513
2647794
0350020
0933864
2468081
2544090
2484652
1968339
1141545
0675410
1364685
0814887
1207596
2575352
1784912
1222564
2636175
0769914
2393998
0930764
1647323
2079989
0426936
2606851
1869454
2075588
1084493
2537617
2349149
2674252
2560895
1141711
2701956
2071484
2526471
2641987
0983213
0754720
1727412
2288429
7228823
2323380
0891522
2613897
1555127
2631018
1722264
2532130
2184364
0610231
2138724
2456723
2426793
1433097
0587821
2470669
2218495
0640939
1979916
2239035
1429934
2476140
0216879
2173243
2574656
2264576
0834973
2626562
0573310
1813052
0286289
1320820
1990531
0390171
0402300
2638278
2663551
1279920
1639211
1351820
0932386
2674150
7129699
0937749
2663487
2699190
2499540
0919154
0916132
2382410
0854050
7251088
2662533
2707580
0652790
2709114
1024606
7105130
0822294
2666234
7207490
2307985
2238228
1383115
2305493
1084493
2694126
2670033
1448993
2428142
1370620
1267616
2103133
0662226
2202240
1662163
7180675
1156089
1799543
1611302
1212671
2279879
2665930
0274479
1928911
2647794
1283315
0312494
0482474
1897076
2238768
2500116
0069708
1238466
2497257
2377691
7067204
1712059
2458697
2508609
0041913
2423724
2525020
2557967
2544090
2516660
2604137
2461393
1407825
0062209
2718455
2504934
2302339
2566239
2674150
2227154
2311728
1910622
2532206
2500862
2666374
1808497
2672646
0212965
0040293
2554272
2560895
2249134
2626562
2663551
2702942
0279758
1683419
1184345
2669361
0382314
2604782
7025520
2616329
2676341
2559673
2556964
2712233
1500974
2718383
0732312
0879534
2479550
2254362
7113367
2302713
2275476
1005252
2498170
1743000
0570775
7013198
2071484
0646871
0842359
2298236
2501038
2215886
1702711
1969741
2079989
2544978
1321122
2504798
0246377
2508793
0558804
0286289
0436734
7036283
0769914
0701272
2426974
2455688
2679772
2057168
0533889
2334308
2507405
2170017
1222994
0772983
2543746
2636175
2485445
0527941
1990531
2647794
0891522
0919154
0085632
0893858
2631018
0224492
2079745
2690489
2168292
2604137
7074645
7289386
2569495
2381925
2546789
1289766
0457731
2258069
2343770
2426793
2604097
0273241
2580029
0982555
1765718
1979916
0786759
2569133
0837234
1826093
0104488
0848334
2367809
2681900
2585955
2220707
2427686
7129699
0854050
2013369
1707490
1750401
2517500
0178265
2317975
1871304
0952130
0930764
1012450
2488348
0289667
0902580
2145940
2497257
0822294
0185926
2553742
2013379
2524933
2262995
2238228
2377129
2289813
2429353
2413251
2265632
2676341
2447968
2713667
1267616
2551017
1141711
2663551
2687232
2562519
2604928
2433201
2565867
0842359
2190779
0069708
0541082
7198259
2681791
0708139
2459027
2629184
2211469
2299308
2678036
2464873
1691564
2544900
1638175
2612339
2071780
1264949
0286289
2663150
2519156
0610231
2210906
1015827
0329180
2419513
2626562
1028920
1752809
2611316
0688646
0573310
2549541
1808497
0019159
2537249
2069599
2293211
0210492
1578665
1564662
2576373
2118520
2351684
0439626
0359519
1965651
1222564
2616652
2508788
2618799
2483821
2354591
0081373
1402260
2645168
2326622
2653246
2304931
2288429
0533889
1300275
2691976
2743878
2279879
1784124
0893858
2468081
2735484
1845434
2580029
7157416
0919154
0691010
1505127
2264576
2735008
2752525
2539273
2573229
2746413
2079989
1087629
1378135
0769914
1204438
0120981
1141545
2577053
1421337
2745925
2525020
1304081
1848556
1988686
1207596
2484652
2606851
0488149
1979916
0029513
2109359
2068308
2408765
0570775
2564009
2543746
2572208
2671906
2764604
2556928
1975325
2200861
2537617
1907964
2159357
0871792
2751320
0372758
1216432
2560895
2217568
7228823
2374223
2575301
2220707
2663487
2539860
1331835
1030784
1437490
2262995
2666234
1833179
0752292
2764512
2466289
2364026
1722264
0891522
2071484
2613897
1784912
0587821
2456723
2698365
1686691
2498170
2476140
2574656
1869454
0286289
0937749
2323380
0834973
1647323
2351640
7180675
1320820
0459443
2497257
2405270
0241660
0493247
2138724
2428459
2569450
2276670
2294019
0932386
2200962
0662226
2713667
0933864
0041913
2215886
1727412
2361973
0289667
2137856
0583711
2662533
1370620
7207490
1631199
0701272
2025273
2238228
2273496
1662163
1611302
1783372
2218495
0916132
1928911
0201600
0310483
2481561
1264949
2057168
0308354
1712059
0274479
1238466
2738274
2629163
0850537
2188703
2458697
0893858
0616530
2144890
1087629
0930764
2566239
1391403
0919154
0426936
2504934
2573229
0069708
2672646
2516660
2695199
1407825
0350020
1808497
2001285
2549541
2564009
1250422
1282160
2012550
2103133
7067204
0983213
2554272
2606083
0533889
1212671
1668597
1958933
0864318
0382314
2559673
2288324
1500974
0879534
7113367
2756510
0526757
2426793
2461393
0350783